 
STEADY-STATE RESULTS:
 
c   		 4.67677
y   		 12.0164
i   		 7.33964
r   		 0.0300251
w   		 10.6676
u   		 -0.10551
lam 		 1
k   		 293.585
z   		 0
 
MODEL SUMMARY
 
  Number of variables:         9
  Number of stochastic shocks: 1
  Number of state variables:   3
  Number of jumpers:           2
  Number of static variables:  4


MATRIX OF COVARIANCE OF EXOGENOUS SHOCKS

Variables      eps   
eps          0.000400
 
POLICY AND TRANSITION FUNCTIONS
                                     c               y               i               r               w               u               lam             k               z  
Constant                    4.677302       12.016409        7.339107        0.030025       10.667555       -0.105486        1.000000      293.585466               0
(correction)                0.000530               0       -0.000530               0               0        0.000024               0               0               0
i(-1)                       0.009838        0.030029        0.020191       -0.000020        0.019994        0.000450               0        1.000000               0
k(-1)                       0.009592        0.029278        0.019687       -0.000020        0.019494        0.000439               0        0.975000               0
z(-1)                       0.156237        2.880240        2.724003        0.005398        4.317897        0.007143        0.900000               0        0.900000
eps                         0.173597        3.200267        3.026670        0.005998        4.797664        0.007937        1.000000               0        1.000000
i(-1),i(-1)                -0.000006       -0.000010       -0.000004               0       -0.000013       -0.000001               0               0               0
k(-1),i(-1)                -0.000011       -0.000020       -0.000009               0       -0.000025       -0.000002               0               0               0
k(-1),k(-1)                -0.000005       -0.000010       -0.000004               0       -0.000012       -0.000001               0               0               0
z(-1),i(-1)                 0.000124        0.005398        0.005274       -0.000007        0.006895       -0.000024               0               0               0
z(-1),k(-1)                 0.000121        0.005263        0.005142       -0.000007        0.006722       -0.000024               0               0               0
z(-1),z(-1)                 0.019759        0.582916        0.563158        0.000931        1.032160        0.000665        0.405000               0               0
eps,eps                     0.024393        0.719650        0.695256        0.001149        1.274271        0.000821        0.500000               0               0
i(-1),eps                   0.000138        0.005998        0.005860       -0.000008        0.007661       -0.000027               0               0               0
k(-1),eps                   0.000135        0.005848        0.005714       -0.000008        0.007469       -0.000026               0               0               0
z(-1),eps                   0.043908        1.295369        1.251461        0.002068        2.293688        0.001477        0.900000               0               0


THEORETICAL MOMENTS

VARIABLE      MEAN    STD. DEV.   VARIANCE 
c              4.6794     0.0615     0.0038
y             12.0247     0.2551     0.0651
i              7.3453     0.2022     0.0409
r              0.0300     0.0003     0.0000
w             10.6747     0.2713     0.0736
u             -0.1054     0.0028     0.0000
lam            1.0011     0.0459     0.0021
k            293.8128     6.0436    36.5249
z              0.0000     0.0459     0.0021
 


MATRIX OF CORRELATIONS

Variables      c       y       i       r       w       u      lam      k       z   
c            1.0000  0.8905  0.8190 -0.1226  0.7022  1.0000  0.3210  0.9919  0.3210
y            0.8905  1.0000  0.9904  0.3423  0.9492  0.8905  0.7167  0.8256  0.7167
i            0.8190  0.9904  1.0000  0.4691  0.9836  0.8190  0.8063  0.7396  0.8063
r           -0.1226  0.3423  0.4691  1.0000  0.6205 -0.1226  0.9006 -0.2475  0.9006
w            0.7022  0.9492  0.9836  0.6205  1.0000  0.7022  0.8997  0.6062  0.8997
u            1.0000  0.8905  0.8190 -0.1226  0.7022  1.0000  0.3210  0.9919  0.3210
lam          0.3210  0.7167  0.8063  0.9006  0.8997  0.3210  1.0000  0.1982  1.0000
k            0.9919  0.8256  0.7396 -0.2475  0.6062  0.9919  0.1982  1.0000  0.1982
z            0.3210  0.7167  0.8063  0.9006  0.8997  0.3210  1.0000  0.1982  1.0000
 


COEFFICIENTS OF AUTOCORRELATION

Order      1       2       3       4       5   
c        0.9984  0.9964  0.9942  0.9917  0.9890
y        0.9676  0.9382  0.9113  0.8869  0.8645
i        0.9537  0.9117  0.8737  0.8392  0.8079
r        0.9013  0.8124  0.7324  0.6604  0.5956
w        0.9349  0.8762  0.8231  0.7752  0.7319
u        0.9984  0.9964  0.9942  0.9917  0.9890
lam      0.9000  0.8100  0.7290  0.6561  0.5905
k        0.9997  0.9990  0.9979  0.9964  0.9946
z        0.9000  0.8100  0.7290  0.6561  0.5905
Total computing time : 0h00m04s
