 
STEADY-STATE RESULTS:
 
c   		 0.767528
y   		 1.05832
i   		 0.290795
r   		 0.0300251
w   		 2.18183
u   		 -1.28546
lam 		 1
k   		 11.6318
z   		 0
h   		 0.324992
 
MODEL SUMMARY
 
  Number of variables:         10
  Number of stochastic shocks: 1
  Number of state variables:   3
  Number of jumpers:           2
  Number of static variables:  5


MATRIX OF COVARIANCE OF EXOGENOUS SHOCKS

Variables      eps   
eps          0.000400
 
POLICY AND TRANSITION FUNCTIONS
                                     c               y               i               r               w               u               lam             k               z               h  
Constant                    0.767481        1.058432        0.290952        0.030028        2.181718       -1.285726        1.000000       11.631819               0        0.325042
(correction)               -0.000048        0.000108        0.000156        0.000003       -0.000110       -0.000265               0               0               0        0.000050
i(-1)                       0.021620        0.005587       -0.016034       -0.002423        0.086715        0.078185               0        1.000000               0       -0.011201
k(-1)                       0.021080        0.005447       -0.015633       -0.002362        0.084547        0.076231               0        0.975000               0       -0.010921
z(-1)                       0.098286        0.941289        0.843003        0.026705        1.007851       -0.347706        0.900000               0        0.900000        0.138929
eps                         0.109207        1.045877        0.936670        0.029672        1.119835       -0.386340        1.000000               0        1.000000        0.154366
i(-1),i(-1)                -0.000555       -0.000754       -0.000199        0.000187       -0.001467       -0.003920               0               0               0        0.000432
k(-1),i(-1)                -0.001082       -0.001471       -0.000389        0.000364       -0.002861       -0.007644               0               0               0        0.000842
k(-1),k(-1)                -0.000528       -0.000717       -0.000190        0.000178       -0.001395       -0.003727               0               0               0        0.000411
z(-1),i(-1)                -0.000627        0.021884        0.022512       -0.001675        0.022880       -0.012907               0               0               0        0.002965
z(-1),k(-1)                -0.000612        0.021337        0.021949       -0.001633        0.022308       -0.012584               0               0               0        0.002891
z(-1),z(-1)                 0.015220        0.341323        0.326103        0.009683        0.311245       -0.027285        0.405000               0               0       -0.005723
eps,eps                     0.018790        0.421386        0.402596        0.011955        0.384253       -0.033686        0.500000               0               0       -0.007065
i(-1),eps                  -0.000697        0.024316        0.025013       -0.001861        0.025422       -0.014341               0               0               0        0.003294
k(-1),eps                  -0.000680        0.023708        0.024388       -0.001815        0.024786       -0.013982               0               0               0        0.003212
z(-1),eps                   0.033822        0.758495        0.724673        0.021519        0.691656       -0.060634        0.900000               0               0       -0.012717


THEORETICAL MOMENTS

VARIABLE      MEAN    STD. DEV.   VARIANCE 
c              0.7680     0.0152     0.0002
y              1.0596     0.0496     0.0025
i              0.2916     0.0392     0.0015
r              0.0300     0.0014     0.0000
w              2.1851     0.0866     0.0075
u             -1.2848     0.0380     0.0014
lam            1.0011     0.0459     0.0021
k             11.6627     0.5591     0.3126
z              0.0000     0.0459     0.0021
h              0.3249     0.0067     0.0000
 


MATRIX OF CORRELATIONS

Variables      c       y       i       r       w       u      lam      k       z       h   
c            1.0000  0.7653  0.5799 -0.2267  0.9690  0.7635  0.7292  0.9589  0.7292 -0.1259
y            0.7653  1.0000  0.9682  0.4534  0.9006  0.1686  0.9985  0.5513  0.9985  0.5422
i            0.5799  0.9682  1.0000  0.6620  0.7632 -0.0835  0.9803  0.3250  0.9803  0.7352
r           -0.2267  0.4534  0.6620  1.0000  0.0210 -0.8021  0.5012 -0.4936  0.5012  0.9948
w            0.9690  0.9006  0.7632  0.0210  1.0000  0.5802  0.8757  0.8591  0.8757  0.1231
u            0.7635  0.1686 -0.0835 -0.8021  0.5802  1.0000  0.1148  0.9153  0.1148 -0.7369
lam          0.7292  0.9985  0.9803  0.5012  0.8757  0.1148  1.0000  0.5052  1.0000  0.5870
k            0.9589  0.5513  0.3250 -0.4936  0.8591  0.9153  0.5052  1.0000  0.5052 -0.4021
z            0.7292  0.9985  0.9803  0.5012  0.8757  0.1148  1.0000  0.5052  1.0000  0.5870
h           -0.1259  0.5422  0.7352  0.9948  0.1231 -0.7369  0.5870 -0.4021  0.5870  1.0000
 


COEFFICIENTS OF AUTOCORRELATION

Order      1       2       3       4       5   
c        0.9893  0.9760  0.9605  0.9432  0.9243
y        0.9069  0.8228  0.7468  0.6782  0.6162
i        0.8784  0.7698  0.6730  0.5866  0.5097
r        0.8906  0.7925  0.7045  0.6257  0.5552
w        0.9660  0.9327  0.9001  0.8683  0.8373
u        0.9723  0.9444  0.9164  0.8885  0.8608
lam      0.9000  0.8100  0.7290  0.6561  0.5905
k        0.9978  0.9918  0.9826  0.9705  0.9562
z        0.9000  0.8100  0.7290  0.6561  0.5905
h        0.8799  0.7727  0.6769  0.5915  0.5154
Total computing time : 0h00m04s
