 
STEADY-STATE RESULTS:
 
c   		 0.708504
y   		 0.976934
i   		 0.26843
r   		 0.0300251
w   		 2.18182
u   		 -1.30311
lam 		 1
k   		 10.7372
z   		 0
 
MODEL SUMMARY
 
  Number of variables:         9
  Number of stochastic shocks: 1
  Number of state variables:   3
  Number of jumpers:           2
  Number of static variables:  4


MATRIX OF COVARIANCE OF EXOGENOUS SHOCKS

Variables      eps   
eps          0.000400
 
POLICY AND TRANSITION FUNCTIONS
                                     c               y               i               r               w               u               lam             k               z  
Constant                    0.708455        0.976934        0.268478        0.030025        2.181818       -1.303209        1.000000       10.737182               0
(correction)               -0.000049               0        0.000049               0               0       -0.000097               0               0               0
i(-1)                       0.028038        0.030025        0.001988       -0.001874        0.067057        0.055854               0        1.000000               0
k(-1)                       0.027337        0.029275        0.001938       -0.001827        0.065380        0.054458               0        0.975000               0
z(-1)                       0.086731        0.589091        0.502360        0.018105        1.315636        0.172779        0.900000               0        0.900000
eps                         0.096368        0.654546        0.558178        0.020117        1.461818        0.191976        1.000000               0        1.000000
i(-1),i(-1)                -0.000675       -0.000937       -0.000262        0.000146       -0.002092       -0.003555               0               0               0
k(-1),i(-1)                -0.001316       -0.001827       -0.000511        0.000284       -0.004080       -0.006932               0               0               0
k(-1),k(-1)                -0.000642       -0.000891       -0.000249        0.000139       -0.001989       -0.003379               0               0               0
z(-1),i(-1)                 0.000111        0.018105        0.017994       -0.001130        0.040435       -0.013453               0               0               0
z(-1),k(-1)                 0.000109        0.017653        0.017544       -0.001102        0.039424       -0.013116               0               0               0
z(-1),z(-1)                 0.013461        0.177611        0.164150        0.005459        0.396664        0.005665        0.405000               0               0
eps,eps                     0.016618        0.219273        0.202654        0.006739        0.489709        0.006994        0.500000               0               0
i(-1),eps                   0.000124        0.020117        0.019993       -0.001255        0.044928       -0.014947               0               0               0
k(-1),eps                   0.000121        0.019614        0.019493       -0.001224        0.043805       -0.014574               0               0               0
z(-1),eps                   0.029913        0.394691        0.364778        0.012131        0.881476        0.012589        0.900000               0               0


THEORETICAL MOMENTS

VARIABLE      MEAN    STD. DEV.   VARIANCE 
c              0.7091     0.0156     0.0002
y              0.9781     0.0381     0.0014
i              0.2691     0.0260     0.0007
r              0.0300     0.0010     0.0000
w              2.1845     0.0850     0.0072
u             -1.3027     0.0311     0.0010
lam            1.0011     0.0459     0.0021
k             10.7629     0.4738     0.2245
z              0.0000     0.0459     0.0021
 


MATRIX OF CORRELATIONS

Variables      c       y       i       r       w       u      lam      k       z   
c            1.0000  0.8554  0.6521 -0.2818  0.8554  1.0000  0.6267  0.9658  0.6267
y            0.8554  1.0000  0.9505  0.2560  1.0000  0.8554  0.9397  0.6918  0.9397
i            0.6521  0.9505  1.0000  0.5436  0.9505  0.6521  0.9995  0.4332  0.9995
r           -0.2818  0.2560  0.5436  1.0000  0.2560 -0.2818  0.5712 -0.5210  0.5712
w            0.8554  1.0000  0.9505  0.2560  1.0000  0.8554  0.9397  0.6918  0.9397
u            1.0000  0.8554  0.6521 -0.2818  0.8554  1.0000  0.6267  0.9658  0.6267
lam          0.6267  0.9397  0.9995  0.5712  0.9397  0.6267  1.0000  0.4030  1.0000
k            0.9658  0.6918  0.4332 -0.5210  0.6918  0.9658  0.4030  1.0000  0.4030
z            0.6267  0.9397  0.9995  0.5712  0.9397  0.6267  1.0000  0.4030  1.0000
 


COEFFICIENTS OF AUTOCORRELATION

Order      1       2       3       4       5   
c        0.9922  0.9830  0.9726  0.9613  0.9492
y        0.9389  0.8830  0.8318  0.7849  0.7418
i        0.9032  0.8159  0.7374  0.6666  0.6028
r        0.9083  0.8255  0.7509  0.6835  0.6227
w        0.9389  0.8830  0.8318  0.7849  0.7418
u        0.9922  0.9830  0.9726  0.9613  0.9492
lam      0.9000  0.8100  0.7290  0.6561  0.5905
k        0.9988  0.9954  0.9901  0.9832  0.9749
z        0.9000  0.8100  0.7290  0.6561  0.5905
Total computing time : 0h00m14s
