 
STEADY-STATE RESULTS:
 
c   		 1.93371
y   		 4.96987
i   		 3.03615
r   		 0.0300251
w   		 10.6716
u   		 0.151845
lam 		 1
k   		 121.446
z   		 0
h   		 0.124015
 
MODEL SUMMARY
 
  Number of variables:         10
  Number of stochastic shocks: 1
  Number of state variables:   3
  Number of jumpers:           2
  Number of static variables:  5


MATRIX OF COVARIANCE OF EXOGENOUS SHOCKS

Variables      eps   
eps          0.000400
 
POLICY AND TRANSITION FUNCTIONS
                                     c               y               i               r               w               u               lam             k               z               h  
Constant                    1.933968        4.969366        3.035398        0.030023       10.673786        0.152047        1.000000      121.446105               0        0.123968
(correction)                0.000253       -0.000501       -0.000754       -0.000002        0.002223        0.000202               0               0               0       -0.000047
i(-1)                       0.007875        0.023113        0.015238       -0.000081        0.079026        0.003955               0        1.000000               0       -0.000648
k(-1)                       0.007678        0.022535        0.014857       -0.000079        0.077050        0.003856               0        0.975000               0       -0.000632
z(-1)                       0.068311        1.830171        1.761860        0.008293        1.483533       -0.152643        0.900000               0        0.900000        0.059886
eps                         0.075901        2.033523        1.957622        0.009214        1.648370       -0.169603        1.000000               0        1.000000        0.066540
i(-1),i(-1)                -0.000013       -0.000023       -0.000010               0        0.000020       -0.000024               0               0               0        0.000004
k(-1),i(-1)                -0.000026       -0.000046       -0.000020        0.000001        0.000040       -0.000047               0               0               0        0.000008
k(-1),k(-1)                -0.000013       -0.000022       -0.000010               0        0.000019       -0.000023               0               0               0        0.000004
z(-1),i(-1)                -0.000047        0.004113        0.004160       -0.000042        0.003181        0.000826               0               0               0       -0.000302
z(-1),k(-1)                -0.000046        0.004010        0.004056       -0.000041        0.003101        0.000805               0               0               0       -0.000294
z(-1),z(-1)                 0.012927        0.576878        0.563951        0.002232        0.442443       -0.046376        0.405000               0               0        0.015188
eps,eps                     0.015959        0.712195        0.696236        0.002756        0.546226       -0.057254        0.500000               0               0        0.018751
i(-1),eps                  -0.000052        0.004570        0.004623       -0.000047        0.003534        0.000917               0               0               0       -0.000335
k(-1),eps                  -0.000051        0.004456        0.004507       -0.000046        0.003446        0.000895               0               0               0       -0.000327
z(-1),eps                   0.028727        1.281952        1.253225        0.004960        0.983208       -0.103057        0.900000               0               0        0.033751


THEORETICAL MOMENTS

VARIABLE      MEAN    STD. DEV.   VARIANCE 
c              1.9345     0.0224     0.0005
y              4.9727     0.1256     0.0158
i              3.0382     0.1085     0.0118
r              0.0300     0.0004     0.0000
w             10.6816     0.2443     0.0597
u              0.1521     0.0113     0.0001
lam            1.0011     0.0459     0.0021
k            121.5277     2.6868     7.2191
z             -0.0000     0.0459     0.0021
h              0.1240     0.0031     0.0000
 


MATRIX OF CORRELATIONS

Variables      c       y       i       r       w       u      lam      k       z       h   
c            1.0000  0.7990  0.7183 -0.0908  0.9885  0.6423  0.4172  0.9887  0.4172 -0.1457
y            0.7990  1.0000  0.9923  0.5263  0.8808  0.0523  0.8798  0.7001  0.8798  0.4785
i            0.7183  0.9923  1.0000  0.6276  0.8153 -0.0719  0.9320  0.6061  0.9320  0.5836
r           -0.0908  0.5263  0.6276  1.0000  0.0609 -0.8216  0.8672 -0.2388  0.8672  0.9985
w            0.9885  0.8808  0.8153  0.0609  1.0000  0.5189  0.5499  0.9547  0.5499  0.0057
u            0.6423  0.0523 -0.0719 -0.8216  0.5189  1.0000 -0.4286  0.7497 -0.4286 -0.8518
lam          0.4172  0.8798  0.9320  0.8672  0.5499 -0.4286  1.0000  0.2766  1.0000  0.8383
k            0.9887  0.7001  0.6061 -0.2388  0.9547  0.7497  0.2766  1.0000  0.2766 -0.2921
z            0.4172  0.8798  0.9320  0.8672  0.5499 -0.4286  1.0000  0.2766  1.0000  0.8383
h           -0.1457  0.4785  0.5836  0.9985  0.0057 -0.8518  0.8383 -0.2921  0.8383  1.0000
 


COEFFICIENTS OF AUTOCORRELATION

Order      1       2       3       4       5   
c        0.9976  0.9944  0.9907  0.9863  0.9815
y        0.9458  0.8966  0.8518  0.8111  0.7740
i        0.9324  0.8712  0.8159  0.7657  0.7203
r        0.8961  0.8027  0.7187  0.6430  0.5750
w        0.9909  0.9817  0.9726  0.9636  0.9546
u        0.9501  0.9048  0.8635  0.8258  0.7914
lam      0.9000  0.8100  0.7290  0.6561  0.5905
k        0.9995  0.9980  0.9958  0.9928  0.9892
z        0.9000  0.8100  0.7290  0.6561  0.5905
h        0.8991  0.8082  0.7265  0.6529  0.5867
Total computing time : 0h00m04s
