 
STEADY-STATE RESULTS:
 
c   		 4.39441
k   		 245.166
h   		 0.439769
y   		 11.7494
w   		 7.8735
r   		 0.033801
P   		 0.229838
i   		 7.35497
u   		 0.0318162
lam 		 1
g   		 6.93889e-18
z   		 0
 
MODEL SUMMARY
 
  Number of variables:         12
  Number of stochastic shocks: 2
  Number of state variables:   3
  Number of jumpers:           6
  Number of static variables:  4


MATRIX OF COVARIANCE OF EXOGENOUS SHOCKS

Variables   epsilon_z  epsilon_g 
epsilon_z     0.000400   0.000000
epsilon_g     0.000000   0.000100
 
POLICY AND TRANSITION FUNCTIONS
                                     c               k               h               y               w               r               P               i               u               lam             g               z  
Constant                    4.394350      245.166422        0.439856       11.750070        7.872671        0.033803        0.229841        7.355715        0.031414        1.000000               0               0
(correction)               -0.000059        0.000741        0.000087        0.000686       -0.000825        0.000001        0.000003        0.000745       -0.000402               0               0               0
k(-1)                       0.013170        0.988477       -0.000281        0.031589        0.019649       -0.000035       -0.000689        0.018419        0.004251               0               0               0
z(-1)                       0.887336        3.244571        0.089277        4.148130        2.844548        0.008950       -0.046410        3.260794       -0.196470        0.995000               0        0.995000
g(-1)                      -2.806263        2.576523       -0.027543       -0.216857        0.260846       -0.000468        0.351580        2.589406       -0.515691               0        0.900000               0
epsilon_z                   0.891795        3.260875        0.089726        4.168974        2.858842        0.008995       -0.046643        3.277180       -0.197457        1.000000               0        1.000000
epsilon_g                  -3.118070        2.862804       -0.030603       -0.240952        0.289829       -0.000520        0.390644        2.877118       -0.572990               0        1.000000               0
k(-1),k(-1)                -0.000005       -0.000010               0       -0.000016       -0.000011               0        0.000002       -0.000010       -0.000009               0               0               0
z(-1),k(-1)                 0.001815        0.006260       -0.000006        0.008107        0.004878       -0.000016        0.000183        0.006292        0.000033               0               0               0
z(-1),z(-1)                 0.188299        0.915914        0.001241        1.108793        0.808112        0.001997       -0.000477        0.920494       -0.014817        0.495012               0               0
g(-1),k(-1)                -0.008632        0.008204        0.000020       -0.000387        0.000723               0       -0.001042        0.008245       -0.000199               0               0               0
g(-1),z(-1)                -0.534700        0.430259       -0.003041       -0.102290        0.047063       -0.000179       -0.072663        0.432410        0.040428               0               0               0
g(-1),g(-1)                 0.524892       -0.502440        0.002989        0.019940       -0.015215        0.000042        0.197065       -0.504952       -0.100817               0               0               0
epsilon_z,epsilon_z         0.190196        0.925143        0.001253        1.119964        0.816254        0.002018       -0.000482        0.929768       -0.014966        0.500000               0               0
epsilon_g,epsilon_z        -0.597097        0.480467       -0.003396       -0.114227        0.052555       -0.000200       -0.081143        0.482870        0.045145               0               0               0
epsilon_g,epsilon_g         0.648015       -0.620296        0.003690        0.024618       -0.018784        0.000052        0.243290       -0.623397       -0.124466               0               0               0
k(-1),epsilon_z             0.001824        0.006292       -0.000006        0.008147        0.004902       -0.000016        0.000184        0.006323        0.000033               0               0               0
k(-1),epsilon_g            -0.009591        0.009116        0.000022       -0.000430        0.000803        0.000001       -0.001158        0.009161       -0.000222               0               0               0
z(-1),epsilon_z             0.378490        1.841034        0.002494        2.228729        1.624346        0.004015       -0.000959        1.850239       -0.029782        0.995000               0               0
z(-1),epsilon_g            -0.594111        0.478065       -0.003379       -0.113656        0.052292       -0.000199       -0.080737        0.480455        0.044920               0               0               0
g(-1),epsilon_z            -0.537387        0.432421       -0.003056       -0.102804        0.047299       -0.000180       -0.073029        0.434583        0.040631               0               0               0
g(-1),epsilon_g             1.166427       -1.116533        0.006642        0.044312       -0.033811        0.000093        0.437923       -1.122115       -0.224038               0               0               0


THEORETICAL MOMENTS

VARIABLE      MEAN    STD. DEV.   VARIANCE 
c              4.4777     0.7817     0.6110
k            250.7280    47.3810  2244.9569
h              0.4396     0.0101     0.0001
y             11.9996     2.2401     5.0182
w              8.0279     1.4430     2.0824
r              0.0338     0.0010     0.0000
P              0.2328     0.0416     0.0017
i              7.5218     1.4669     2.1519
u              0.0353     0.1702     0.0290
lam            1.0201     0.2003     0.0401
g              0.0000     0.0229     0.0005
z             -0.0000     0.2003     0.0401
 


VARIANCE DECOMPOSITION (in percent)

          epsilon_z  epsilon_g 
c          99.24       0.76
k          99.86       0.14
h          99.06       0.94
y          99.94       0.06
w          99.93       0.07
r          99.55       0.45
P          95.66       4.34
i          99.69       0.31
u          99.41       0.59
lam       100.00       0.00
g           0.00     100.00
z         100.00       0.00
 


MATRIX OF CORRELATIONS

Variables      c       k       h       y       w       r       P       i       u      lam      g       z   
c            1.0000  0.9884  0.2929  0.9929  0.9911 -0.0386 -0.9922  0.9834  0.9673  0.8933 -0.0825  0.8933
k            0.9884  1.0000  0.1700  0.9800  0.9772 -0.1605 -0.9688  0.9699  0.9878  0.8370  0.0126  0.8370
h            0.2929  0.1700  1.0000  0.3624  0.3744  0.9437 -0.2982  0.3973  0.0409  0.6803 -0.0843  0.6803
y            0.9929  0.9800  0.3624  1.0000  0.9999  0.0391 -0.9742  0.9980  0.9415  0.9291  0.0051  0.9291
w            0.9911  0.9772  0.3744  0.9999  1.0000  0.0525 -0.9716  0.9988  0.9364  0.9340  0.0119  0.9340
r           -0.0386 -0.1605  0.9437  0.0391  0.0525  1.0000  0.0341  0.0802 -0.2907  0.4058 -0.0304  0.4058
P           -0.9922 -0.9688 -0.2982 -0.9742 -0.9716  0.0341  1.0000 -0.9591 -0.9577 -0.8771  0.2064 -0.8771
i            0.9834  0.9699  0.3973  0.9980  0.9988  0.0802 -0.9591  1.0000  0.9223  0.9428  0.0517  0.9428
u            0.9673  0.9878  0.0409  0.9415  0.9364 -0.2907 -0.9577  0.9223  1.0000  0.7531 -0.0639  0.7531
lam          0.8933  0.8370  0.6803  0.9291  0.9340  0.4058 -0.8771  0.9428  0.7531  1.0000  0.0000  1.0000
g           -0.0825  0.0126 -0.0843  0.0051  0.0119 -0.0304  0.2064  0.0517 -0.0639  0.0000  1.0000  0.0000
z            0.8933  0.8370  0.6803  0.9291  0.9340  0.4058 -0.8771  0.9428  0.7531  1.0000  0.0000  1.0000
 


COEFFICIENTS OF AUTOCORRELATION

Order      1       2       3       4       5   
c        0.9989  0.9978  0.9967  0.9957  0.9946
k        1.0000  0.9999  0.9997  0.9995  0.9993
h        0.9837  0.9676  0.9517  0.9361  0.9207
y        0.9993  0.9985  0.9978  0.9969  0.9960
w        0.9992  0.9984  0.9975  0.9966  0.9956
r        0.9840  0.9682  0.9526  0.9372  0.9220
P        0.9951  0.9906  0.9864  0.9827  0.9791
i        0.9988  0.9976  0.9963  0.9950  0.9937
u        0.9991  0.9982  0.9972  0.9963  0.9954
lam      0.9950  0.9900  0.9851  0.9801  0.9752
g        0.9000  0.8100  0.7290  0.6561  0.5905
z        0.9950  0.9900  0.9851  0.9801  0.9752
Total computing time : 0h00m07s
